32      3       128         128         0
32      16      96          96          0
32      64      96          96          0
32      128     48          48          0
32      256     16          16          0
32      512     8           8           0
32      3       128         128         1
32      16      96          96          1
32      64      96          96          1
32      128     48          48          1
32      256     16          16          1
32      512     8           8           1
